3.908820095223359381e+00
3.385137501286537898e+00
4.068428945128219176e+00
7.569397566060480642e+00
5.170882945826410726e+00
4.513516668382050234e+00
4.513516668382050234e+00
3.191538243211461623e+00
1.692568750643268771e+01
4.370193722368316713e+00
5.046265044040320724e+00
4.222008245644752300e+00
4.652426491681278087e+00
1.015541250385961369e+01
3.312902786925251775e+01
1.271618740744904485e+01
5.641895835477562571e+00
5.411516379806009525e+00
4.776657057153477126e+01
3.207456238432585849e+01
8.667244841319218907e+00
2.388328528576738563e+01
2.287578310978996754e+01
6.293685902292146750e+01
4.513516668382050234e+00
1.335116235624909109e+01
4.370193722368316713e+00
3.314823867276277269e+01
3.908820095223359381e+00
1.161737456321036532e+01
2.149851052372847704e+01
4.918490759365934828e+00
2.525654394235910871e+01
5.970821321441846408e+00
1.172646028567007725e+01
2.306976657227588845e+01
4.068428945128219176e+00
6.770275002573075795e+00
4.513516668382050234e+00
5.863230142835038627e+00
1.111324596323282954e+01
1.696325844612841038e+01
2.205396803500068970e+01
1.002925341359354938e+01
5.170882945826410726e+00
6.675581178124545545e+00
3.385137501286537898e+00
4.068428945128219176e+00
4.693297787688132416e+01
2.782318535320819208e+01
1.538904010394216471e+01
3.942873931692000866e+01
1.692568750643268771e+01
1.857546544836034741e+01
5.046265044040320724e+00
4.068428945128219176e+00
4.513516668382050234e+00
5.753627391751591880e+00
9.166995688475081394e+00
4.068428945128219176e+00
1.571650316319191809e+01
5.170882945826410726e+00
1.150725478350318376e+01
9.236181543108379799e+00
1.688803298257900920e+01
1.391159267660409604e+01
1.122723095552866468e+01
6.604633737205014654e+01
1.627371578051287671e+01
3.908820095223359381e+00
4.533220295995499782e+01
1.526443044094783019e+01
4.513516668382050234e+00
6.955796338302048021e+00
1.271618740744904485e+01
4.370193722368316713e+00
3.568248232305542444e+00
5.170882945826410726e+00
5.046265044040320724e+00
2.149851052372847704e+01
1.662206308517478703e+01
4.068428945128219176e+00
7.421613214473194375e+01
3.191538243211461623e+00
3.568248232305542444e+00
9.236181543108379799e+00
1.874604263163041296e+01
9.236181543108379799e+00
7.840408485519976978e+01
5.702502781457985037e+01
4.286355868395483526e+01
4.068428945128219176e+00
1.099807968464679142e+01
6.076507779746498805e+00
3.742410318509555189e+00
4.068428945128219176e+00
1.714987856615383066e+01
1.947884453275086969e+01
3.191538243211461623e+00
2.256758334191025028e+01
2.273621021987780821e+01
2.686869594648830883e+01
2.563184747698347365e+01
4.513516668382050234e+00
1.064510777218481152e+01
2.027945691949016549e+01
3.084007036174149974e+01
1.183454054540639433e+01
1.315904928495908166e+01
4.652426491681278087e+00
6.770275002573075795e+00
6.282549314314217703e+00
4.787307364817191768e+00
1.530607971465162365e+01
5.046265044040320724e+00
2.829960553856568239e+01
1.801877032173578996e+01
5.527906391541367981e+00
2.149851052372847704e+01
4.513516668382050234e+00
1.635176762293251684e+01
9.772050238058398008e+00
2.374963406702674007e+01
2.553230594569169298e+01
1.230450788387972096e+02
1.954410047611679602e+01
1.261566261010080048e+01
5.875161619714836547e+01
1.534761596392107741e+01
3.385137501286537898e+00
1.156244577056221523e+01
1.344618962205996482e+01
4.068428945128219176e+00
2.074499858087450122e+01
6.076507779746498805e+00
4.513516668382050234e+00
1.801877032173578996e+01
1.445030398768713376e+01
2.034214472564109499e+01
1.791246396432553922e+01
2.182181453800189530e+01
2.179262146200442274e+01
9.965574970333758387e+00
6.076507779746498805e+00
2.985410660720923204e+00
5.411516379806009525e+00
1.462546558286290477e+01
2.114017691983778136e+01
3.568248232305542444e+00
1.330339418036568588e+01
3.191538243211461623e+00
3.191538243211461623e+00
1.986716534556201808e+01
2.513019725725687081e+01
1.145179781116143225e+01
4.068428945128219176e+00
1.871205159254777683e+01
1.677456227108388731e+01
1.787688803255549530e+01
2.089787462504646243e+01
1.639065416446577927e+01
2.092831582781796484e+01
4.652426491681278087e+00
2.245446191105732936e+01
2.049802550887777031e+01
1.458187244392064308e+01
2.185096861184158357e+01
3.385137501286537898e+00
4.513516668382050234e+00
9.574614729634383536e+00
2.074499858087450122e+01
3.385137501286537898e+00
2.482434167610127673e+01
1.372732503515539548e+01
2.406915023125035447e+01
1.315904928495908166e+01
3.742410318509555189e+00
1.766192765414112031e+01
2.328948359361321963e+01
1.325545386523797831e+01
2.841186145542198105e+01
5.411516379806009525e+00
1.034176589165282145e+01
2.791455895008766674e+01
2.477299861870476860e+01
2.222649192646565908e+01
1.681247093473193388e+01
2.763953195770683990e+00
2.805106127486677892e+01
2.205396803500068970e+01
5.292567428401227403e+00
4.068428945128219176e+00
5.292567428401227403e+00
1.941336923982048290e+01
3.385137501286537898e+00
1.762584604821509515e+01
1.740778594902202769e+01
5.753627391751591880e+00
4.918490759365934828e+00
3.742410318509555189e+00
4.787307364817191768e+00
1.805406667352820094e+01
4.068428945128219176e+00
5.107707731617333025e+01
8.519075891779829490e+00
1.111324596323282954e+01
3.908820095223359381e+00
2.317988541555455484e+01
1.938054864282414869e+01
1.492705330360461602e+01
1.808929415419343556e+01
5.046265044040320724e+00
2.123032733700183883e+01
2.377642441290137043e+01
3.191538243211461623e+00
1.311058116710494836e+01
3.387017611123953742e+01
5.046265044040320724e+00
1.822952333923949553e+01
3.826519928662906267e+01
2.484997342446373736e+01
3.079875745590552683e+01
1.801877032173578996e+01
1.551264883747923129e+01
2.279214194085203360e+01
2.149851052372847704e+01
5.292567428401227403e+00
1.462546558286290477e+01
4.370193722368316713e+00
1.669848676668040710e+01
1.700074635581867355e+01
2.492671052968601231e+01
2.024804023614933612e+01
1.368087033328175828e+01
4.513516668382050234e+00
5.292567428401227403e+00
2.393653682408596239e+01
4.918490759365934828e+00
4.222008245644752300e+00
3.908820095223359381e+00
2.214039802539777568e+01
1.833399137695016279e+01
5.292567428401227403e+00
5.411516379806009525e+00
9.507891862878782518e+00
1.904923279949933956e+01
1.530607971465162365e+01
7.978845608028653835e+00
2.528173750866525538e+01
4.652426491681278087e+00
3.191538243211461623e+00
8.291859587312051971e+00
1.128379167095512559e+00
8.291859587312051971e+00
3.075738905918748500e+01
1.888139487765259261e+01
2.043581587980116154e+01
1.957664687747327292e+01
1.377362305878664728e+01
1.204779266504070279e+01
9.706684619910241452e+00
2.158716455148914548e+01
2.406915023125035447e+01
2.401619274083693512e+01
5.046265044040320724e+00
2.021657473114541403e+01
1.462546558286290477e+01
4.068428945128219176e+00
2.059098755273309322e+01
2.208281561833923590e+01
1.021790793990058255e+01
1.877997214831907158e+01
2.474728714460664492e+01
1.256509862862843541e+01
3.191538243211461623e+00
2.850134785481265354e+01
8.058239062071395509e+00
3.094311131158019634e+01
3.385137501286537898e+00
2.474728714460664492e+01
2.729185104880338031e+01
2.268014056554777369e+01
1.236077446474206631e+01
2.366908109081278866e+01
4.068428945128219176e+00
3.385137501286537898e+00
2.446267740917838296e+01
5.411516379806009525e+00
1.918244584062371416e+01
2.852367558863634400e+01
5.527906391541367981e+00
4.222008245644752300e+00
5.970821321441846408e+00
3.385137501286537898e+00
2.214039802539777568e+01
1.700074635581867355e+01
1.354055000514615159e+01
1.575695754970980111e+01
4.222008245644752300e+00
5.170882945826410726e+00
1.571650316319191809e+01
9.965574970333758387e+00
2.012188299403864988e+01
4.513516668382050234e+00
4.787307364817191768e+00
5.641895835477562571e+00
4.918490759365934828e+00
3.908820095223359381e+00
2.585441472913205274e+01
2.443663942690957214e+01
3.742410318509555189e+00
8.956231982162769611e+00
1.951149978540382790e+01
8.291859587312051971e+00
2.918556587472348340e+01
2.262393195232728260e+01
5.292567428401227403e+00
1.139607097042601680e+01
1.941336923982048290e+01
2.796013377055606952e+01
3.568248232305542444e+00
1.973857392743862249e+01
1.891508160359295942e+01
1.330339418036568588e+01
1.918244584062371416e+01
5.411516379806009525e+00
5.527906391541367981e+00
1.094004191971426110e+01
2.049802550887777031e+01
8.884866446580955923e+00
1.819456736586892021e+01
1.805406667352820094e+01
2.757034653766419652e+01
1.871205159254777683e+01
6.383076486422923246e+00
4.068428945128219176e+00
1.766192765414112031e+01
4.918490759365934828e+00
1.587770228520368221e+01
9.373021315815206478e+00
1.082303275961201905e+01
1.518078909665319287e+01
1.707547527140466670e+01
2.018506017616128290e+01
1.009253008808064145e+01
4.370193722368316713e+00
1.431752655671925822e+01
1.914922945926876707e+01
2.492671052968601231e+01
1.646815177937675045e+01
9.440697438826296306e+00
2.086738901490614495e+01
1.286550196516137312e+01
1.400281721259029588e+01
1.281592373849173683e+01
3.385137501286537898e+00
1.794796937867891984e+01
1.276615297284584649e+01
5.046265044040320724e+00
5.046265044040320724e+00
1.471226436021925466e+01
5.527906391541367981e+00
1.996306533331256716e+01
1.251433034574463399e+01
1.623454913941802857e+01
1.579730833933717626e+01
1.134007028277388685e+01
2.786890959991885452e+01
2.691604170293818399e+01
5.170882945826410726e+00
1.854116169711310036e+01
1.755346033766304004e+01
4.222008245644752300e+00
2.484997342446373736e+01
1.052482020710848865e+01
4.222008245644752300e+00
1.236077446474206631e+01
6.863662517577697741e+00
1.150725478350318376e+01
3.742410318509555189e+00
2.763953195770683990e+00
5.046265044040320724e+00
1.466892917224166482e+01
2.092831582781796484e+01
1.642944866646030988e+01
1.646815177937675045e+01
3.757688990737918289e+01
1.261566261010080048e+01
3.908820095223359381e+00
2.361522645654708441e+01
1.921560480373171131e+01
5.292567428401227403e+00
5.046265044040320724e+00
2.361522645654708441e+01
3.191538243211461623e+00
9.236181543108379799e+00
2.273621021987780821e+01
4.918490759365934828e+00
4.787307364817191768e+00
1.475547227809780537e+01
1.755346033766304004e+01
3.908820095223359381e+00
1.145179781116143225e+01
4.918490759365934828e+00
1.619528777809902209e+01
9.901487006738307173e+00
2.404268606686374099e+01
1.134007028277388685e+01
1.475547227809780537e+01
2.236924542940415961e+01
3.908820095223359381e+00
2.838944578214513115e+01
1.714987856615383066e+01
4.918490759365934828e+00
1.733448968263843781e+01
1.028002345391383443e+01
5.970821321441846408e+00
1.509668435477122017e+01
3.568248232305542444e+00
5.046265044040320724e+00
1.009253008808064145e+01
2.182181453800189530e+01
2.677375326109315878e+01
1.458187244392064308e+01
2.563184747698347365e+01
2.037341629633241169e+01
1.843786751347043307e+01
8.519075891779829490e+00
2.553230594569169298e+01
4.513516668382050234e+00
1.888139487765259261e+01
5.292567428401227403e+00
2.430603111898599522e+01
3.568248232305542444e+00
3.191538243211461623e+00
1.635176762293251684e+01
5.863230142835038627e+00
2.074499858087450122e+01
4.068428945128219176e+00
2.002674353437363663e+01
1.627371578051287671e+01
1.973857392743862249e+01
8.214724333230154940e+00
8.740387444736633427e+00
9.507891862878782518e+00
1.052482020710848865e+01
3.191538243211461623e+00
3.742410318509555189e+00
1.488434347843123184e+01
1.256509862862843541e+01
3.191538243211461623e+00
2.667847269816913780e+01
3.568248232305542444e+00
2.040463994116039714e+01
9.097283682934460103e+00
4.652426491681278087e+00
1.325545386523797831e+01
1.812445316531431061e+01
1.700074635581867355e+01
4.918490759365934828e+00
4.370193722368316713e+00
1.046415791390898242e+01
4.918490759365934828e+00
5.411516379806009525e+00
2.315240480670428269e+01
5.970821321441846408e+00
2.077566378398582358e+01
7.653039857325811823e+00
3.908820095223359381e+00
1.156244577056221523e+01
1.776973289316191185e+01
1.225733520300188317e+01
7.817640190446718762e+00
5.170882945826410726e+00
2.773151068766427940e+01
1.884764794294265400e+01
2.435835848013132932e+01
1.330339418036568588e+01
2.315240480670428269e+01
2.080628379144039641e+01
4.787307364817191768e+00
5.411516379806009525e+00
9.236181543108379799e+00
1.551264883747923129e+01
1.603728119216292924e+01
5.292567428401227403e+00
1.276615297284584649e+01
1.829923496393627147e+01
4.222008245644752300e+00
8.136857890256438353e+00
1.833399137695016279e+01
5.046265044040320724e+00
1.654528640181426269e+01
1.607692842495848140e+01
8.667244841319218907e+00
1.111324596323282954e+01
9.800673000096507792e+01
2.074499858087450122e+01
4.068428945128219176e+00
7.225151993843566878e+00
4.918490759365934828e+00
1.703815178355965898e+01
2.595272084319678996e+01
1.315904928495908166e+01
7.399277020331918919e+00
9.373021315815206478e+00
9.836981518731869656e+00
4.079367702192163847e+01
5.411516379806009525e+00
1.230916348999737586e+01
5.292567428401227403e+00
2.364216910815791550e+01
6.770275002573075795e+00
4.068428945128219176e+00
3.742410318509555189e+00
4.445298385293131815e+01
2.268014056554777369e+01
2.985410660720923204e+00
8.058239062071395509e+00
4.787307364817191768e+00
1.052482020710848865e+01
3.742410318509555189e+00
6.955796338302048021e+00
1.028002345391383443e+01
7.141846831323857714e+01
1.623454913941802857e+01
9.440697438826296306e+00
3.908820095223359381e+00
1.034176589165282145e+01
1.335116235624909109e+01
2.216913314200112950e+01
3.385137501286537898e+00
5.046265044040320724e+00
7.978845608028653835e+00
4.184141935942002277e+01
2.031082500771922739e+01
1.877997214831907158e+01
1.237518696589046954e+02
2.745465007031079097e+01
3.171528401797434071e+01
4.370193722368316713e+00
2.080628379144039641e+01
7.312732791431452384e+00
3.385137501286537898e+00
3.908820095223359381e+00
4.068428945128219176e+00
1.139607097042601680e+01
5.292567428401227403e+00
1.320733953636073110e+01
2.216913314200112950e+01
6.675581178124545545e+00
7.537370130627986953e+01
9.507891862878782518e+00
4.068428945128219176e+00
6.675581178124545545e+00
5.170882945826410726e+00
1.040314189572019821e+01
4.370193722368316713e+00
6.888660089761978611e+01
3.385137501286537898e+00
2.239768694811261440e+01
5.170882945826410726e+00
9.097283682934460103e+00
1.241217083805063837e+01
4.222008245644752300e+00
1.368087033328175828e+01
9.965574970333758387e+00
3.908820095223359381e+00
4.196296331729600126e+01
2.132009656334729542e+01
1.635176762293251684e+01
3.742410318509555189e+00
3.818192345497750750e+01
3.191538243211461623e+00
9.836981518731869656e+00
1.303216877086171621e+02
8.740387444736633427e+00
7.569397566060480642e+00
1.215301555949299761e+01
9.836981518731869656e+00
8.884866446580955923e+00
9.772050238058398008e+00
1.046415791390898242e+01
1.395727947504383337e+01
1.105581278308273596e+01
6.863662517577697741e+00
2.290359562232286450e+01
4.377471318953922719e+01
4.513516668382050234e+00
7.484820637019110379e+00
1.256509862862843541e+01
1.877997214831907158e+01
1.325545386523797831e+01
5.292567428401227403e+00
4.513516668382050234e+00
1.954410047611679602e+01
3.568248232305542444e+00
7.312732791431452384e+00
3.385137501286537898e+00
4.918490759365934828e+00
5.517531831772041784e+01
1.215301555949299761e+01
2.495223712165894270e+01
8.593479713983121826e+00
1.172646028567007725e+01
8.740387444736633427e+00
6.482044814428574497e+00
3.004541291474008702e+01
1.607692842495848140e+01
4.370193722368316713e+00
3.385137501286537898e+00
1.099807968464679142e+01
4.865133414062421480e+01
4.840207394639923422e+01
1.349345229721172146e+01
1.236077446474206631e+01
8.812923024107547576e+00
2.155765371807271791e+01
3.923450789273152139e+01
3.704797199880859182e+01
4.506458780298100919e+01
8.136857890256438353e+00
1.210051848659980855e+01
8.593479713983121826e+00
5.046265044040320724e+00
3.385137501286537898e+00
4.025958197060499089e+01
2.158716455148914548e+01
5.795520614242830248e+01
1.349345229721172146e+01
4.475271839641041538e+01
9.236181543108379799e+00
1.046415791390898242e+01
1.466892917224166482e+01
1.094004191971426110e+01
4.068428945128219176e+00
4.652426491681278087e+00
6.282549314314217703e+00
1.070474469691662733e+01
8.956231982162769611e+00
5.170882945826410726e+00
3.191538243211461623e+00
6.770275002573075795e+00
5.641895835477562571e+00
8.214724333230154940e+00
4.258043108873924609e+01
9.574614729634383536e+00
7.136496464611084889e+00
5.170882945826410726e+00
7.735777827895049086e+00
9.236181543108379799e+00
1.040314189572019821e+01
3.983034612879999514e+01
1.230916348999737586e+01
1.021790793990058255e+01
1.076405121554611632e+01
4.380378972093499357e+01
1.145179781116143225e+01
4.370193722368316713e+00
1.999492978349364236e+01
4.918490759365934828e+00
1.276615297284584649e+01
1.404820733880128181e+01
9.640875829802336483e+00
3.742410318509555189e+00
4.068428945128219176e+00
3.063294867409624445e+01
5.550891548444352708e+01
4.370193722368316713e+00
1.368087033328175828e+01
7.484820637019110379e+00
4.513516668382050234e+00
1.111324596323282954e+01
5.411516379806009525e+00
9.507891862878782518e+00
7.484820637019110379e+00
7.817640190446718762e+00
9.304852983362556174e+00
8.740387444736633427e+00
1.685029431422315938e+01
5.045003320044091311e+01
6.383076486422923246e+00
1.315904928495908166e+01
1.199483507827737583e+01
4.513516668382050234e+00
3.694472617243351920e+01
2.461832697999475172e+01
9.836981518731869656e+00
1.082303275961201905e+01
6.282549314314217703e+00
1.344618962205996482e+01
5.292567428401227403e+00
5.641895835477562571e+00
5.411516379806009525e+00
1.462546558286290477e+01
4.048035689163516082e+01
6.114107705415760563e+01
1.145179781116143225e+01
4.354140193092842281e+01
1.681247093473193388e+01
7.046725639945927711e+00
1.122723095552866468e+01
1.111324596323282954e+01
9.304852983362556174e+00
1.358748446131948917e+01
2.293137440223813073e+01
3.908820095223359381e+00
1.145179781116143225e+01
2.696330432353901685e+01
1.579730833933717626e+01
4.068428945128219176e+00
1.404820733880128181e+01
6.955796338302048021e+00
5.527906391541367981e+00
1.291488987023529766e+01
1.944613444328572172e+01
8.058239062071395509e+00
4.577938718063051482e+01
5.753627391751591880e+00
1.251433034574463399e+01
9.304852983362556174e+00
8.136857890256438353e+00
4.787307364817191768e+00
5.241804019169813955e+01
1.128379167095512514e+01
8.291859587312051971e+00
5.292567428401227403e+00
1.122723095552866468e+01
6.482044814428574497e+00
5.170882945826410726e+00
1.021790793990058255e+01
1.891508160359295942e+01
5.292567428401227403e+00
5.753627391751591880e+00
5.850186233145161907e+01
4.142857596276994059e+01
2.390992587997897090e+01
1.901578372575756504e+01
1.547155565579009817e+01
1.951149978540382790e+01
1.627371578051287671e+01
1.070474469691662733e+01
1.395727947504383337e+01
9.772050238058398008e+00
3.568248232305542444e+00
4.513516668382050234e+00
5.753627391751591880e+00
9.304852983362556174e+00
4.068428945128219176e+00
8.291859587312051971e+00
7.817640190446718762e+00
1.381976597885341818e+01
1.938054864282414869e+01
3.591366952591616979e+01
8.956231982162769611e+00
1.236077446474206631e+01
5.527906391541367981e+00
6.180387232371033157e+00
5.970821321441846408e+00
3.568248232305542444e+00
5.411516379806009525e+00
1.139607097042601680e+01
5.863230142835038627e+00
6.051311370817343516e+01
1.320733953636073110e+01
6.955796338302048021e+00
9.640875829802336483e+00
1.611647812414279102e+01
7.569397566060480642e+00
8.444016491289504600e+00
4.652426491681278087e+00
1.139607097042601680e+01
8.444016491289504600e+00
6.136972032954534484e+01
1.178062436274634450e+01
1.344618962205996482e+01
1.105581278308273596e+01
7.399277020331918919e+00
4.513516668382050234e+00
1.791246396432553922e+01
1.418350619798065715e+01
1.921560480373171131e+01
1.449429283826230197e+01
1.911595536035255805e+01
1.509668435477122017e+01
9.304852983362556174e+00
4.656529764410383621e+01
2.388328528576738563e+01
9.166995688475081394e+00
4.329213103844807620e+01
3.791421166272613874e+01
1.386575534383213970e+01
4.054321462653270203e+01
1.551264883747923129e+01
8.136857890256438353e+00
4.918490759365934828e+00
1.427299292922216978e+01
4.222008245644752300e+00
1.246335526484300615e+01
4.787307364817191768e+00
1.122723095552866468e+01
1.381976597885341818e+01
1.230916348999737586e+01
3.013004804835483341e+01
3.505247724012429700e+01
1.034176589165282145e+01
3.191538243211461623e+00
7.399277020331918919e+00
4.409350048261754296e+01
1.034176589165282145e+01
1.145179781116143225e+01
3.568248232305542444e+00
5.292567428401227403e+00
1.094004191971426110e+01
1.496964127403822076e+01
1.122723095552866468e+01
5.527906391541367981e+00
3.989422804014326829e+01
6.482044814428574497e+00
6.282549314314217703e+00
1.526443044094783019e+01
1.344618962205996482e+01
7.225151993843566878e+00
6.076507779746498805e+00
3.280072278626207805e+01
8.136857890256438353e+00
1.829923496393627147e+01
1.449429283826230197e+01
3.435539343348429497e+01
1.094004191971426110e+01
5.863230142835038627e+00
4.559824751624255867e+01
1.619528777809902209e+01
4.995547525227759422e+01
4.127462308556733461e+01
9.706684619910241452e+00
1.595769121605730767e+01
2.985410660720923204e+00
4.068428945128219176e+00
4.910718580542361167e+01
5.046265044040320724e+00
1.040314189572019821e+01
2.155765371807271791e+01
1.204779266504070279e+01
4.222008245644752300e+00
1.015541250385961369e+01
4.107362166615077825e+01
8.812923024107547576e+00
7.225151993843566878e+00
1.064510777218481152e+01
8.058239062071395509e+00
1.980297401347661435e+01
3.258652758900717572e+01
5.753627391751591880e+00
5.065153188839754250e+01
1.052482020710848865e+01
5.082718796340837741e+01
4.652426491681278087e+00
8.884866446580955923e+00
1.453814859003845150e+01
3.694472617243351920e+01
6.282549314314217703e+00
3.742410318509555189e+00
4.237060016186435263e+01
8.593479713983121826e+00
6.180387232371033157e+00
3.742410318509555189e+00
1.395727947504383337e+01
3.742410318509555189e+00
6.383076486422923246e+00
5.724786972585363287e+01
1.301310337505149661e+01
4.370193722368316713e+00
4.557031596843552990e+01
9.166995688475081394e+00
5.863230142835038627e+00
1.167204486311898926e+01
5.411516379806009525e+00
1.178062436274634450e+01
8.444016491289504600e+00
3.568248232305542444e+00
3.446639660942098971e+01
1.070474469691662733e+01
6.770275002573075795e+00
3.757688990737918289e+01
9.097283682934460103e+00
1.040314189572019821e+01
6.282549314314217703e+00
1.070474469691662733e+01
4.513516668382050234e+00
5.863230142835038627e+00
8.291859587312051971e+00
4.830991705125929059e+01
1.505445578434700415e+01
1.040314189572019821e+01
1.386575534383213970e+01
1.603728119216292924e+01
6.180387232371033157e+00
4.787307364817191768e+00
1.534761596392107741e+01
6.180387232371033157e+00
1.058513485680245481e+01
1.236077446474206631e+01
4.304141653790755129e+01
3.519747259431155584e+01
5.292567428401227403e+00
1.301310337505149661e+01
4.787307364817191768e+00
4.343893420996320032e+01
6.685110920561020009e+01
4.652426491681278087e+00
3.385137501286537898e+00
4.394888382386112369e+01
9.640875829802336483e+00
8.667244841319218907e+00
4.222008245644752300e+00
5.046265044040320724e+00
7.225151993843566878e+00
8.740387444736633427e+00
1.194164264288369282e+01
7.817640190446718762e+00
4.787307364817191768e+00
1.344618962205996482e+01
1.128379167095512514e+01
1.349345229721172146e+01
1.607692842495848140e+01
1.210051848659980855e+01
1.167204486311898926e+01
9.440697438826296306e+00
4.119743090451116529e+01
4.512105973967727124e+01
4.386188495829643585e+01
1.904923279949933956e+01
8.136857890256438353e+00
4.787307364817191768e+00
4.156664603026825233e+01
4.888630304561698381e+01
2.074499858087450122e+01
1.884764794294265400e+01
7.399277020331918919e+00
4.513516668382050234e+00
4.918490759365934828e+00
5.527906391541367981e+00
1.522266721510391640e+01
1.431752655671925822e+01
6.019667552544968459e+01
4.652426491681278087e+00
7.046725639945927711e+00
9.574614729634383536e+00
7.100724327243837308e+01
1.729772508200899850e+01
7.136496464611084889e+00
6.482044814428574497e+00
6.675581178124545545e+00
3.908820095223359381e+00
5.046265044040320724e+00
4.256547746893175344e+01
7.312732791431452384e+00
5.170882945826410726e+00
4.068428945128219176e+00
4.521971593060565908e+01
1.921560480373171131e+01
1.210051848659980855e+01
6.282549314314217703e+00
7.898654169668588132e+00
4.222008245644752300e+00
5.292567428401227403e+00
4.787307364817191768e+00
4.918490759365934828e+00
3.316743834924820789e+01
5.292567428401227403e+00
3.908820095223359381e+00
8.740387444736633427e+00
9.772050238058398008e+00
5.170882945826410726e+00
5.863230142835038627e+00
4.370193722368316713e+00
4.370193722368316713e+00
8.058239062071395509e+00
3.191538243211461623e+00
9.236181543108379799e+00
7.898654169668588132e+00
5.641895835477562571e+00
4.222008245644752300e+00
8.884866446580955923e+00
5.562348509133929753e+01
5.460702348388667815e+01
3.742410318509555189e+00
9.027033336764100468e+00
2.137973331358282891e+01
3.742410318509555189e+00
4.370193722368316713e+00
5.970821321441846408e+00
9.166995688475081394e+00
5.641895835477562571e+00
4.370193722368316713e+00
1.871205159254777683e+01
8.214724333230154940e+00
6.076507779746498805e+00
1.015541250385961369e+01
1.099807968464679142e+01
5.641895835477562571e+00
1.386575534383213970e+01
1.404820733880128181e+01
1.225733520300188317e+01
1.330339418036568588e+01
1.134007028277388685e+01
5.170882945826410726e+00
3.191538243211461623e+00
3.010891156869400831e+01
5.091478874630426077e+01
4.222008245644752300e+00
8.291859587312051971e+00
1.864388360059940553e+01
1.427299292922216978e+01
5.057606395690496726e+01
1.034176589165282145e+01
7.726720019039888143e+01
1.261566261010080048e+01
1.787688803255549530e+01
1.276615297284584649e+01
4.573764939303147514e+01
3.637163574792635501e+01
9.836981518731869656e+00
5.046265044040320724e+00
4.652426491681278087e+00
1.215301555949299761e+01
7.735777827895049086e+00
5.863230142835038627e+00
4.918490759365934828e+00
1.744431859350498826e+01
5.863230142835038627e+00
1.808929415419343556e+01
9.836981518731869656e+00
4.767318520250420022e+01
1.094004191971426110e+01
1.271618740744904485e+01
4.087163175960233019e+01
1.286550196516137312e+01
8.214724333230154940e+00
9.836981518731869656e+00
4.068428945128219176e+00
7.817640190446718762e+00
1.117038385124011413e+01
3.385137501286537898e+00
1.391159267660409604e+01
9.574614729634383536e+00
1.587770228520368221e+01
1.246335526484300615e+01
1.453814859003845150e+01
4.283384390833222000e+01
8.136857890256438353e+00
1.703815178355965898e+01
1.563528038089343752e+01
1.230916348999737586e+01
6.282549314314217703e+00
8.812923024107547576e+00
6.180387232371033157e+00
7.399277020331918919e+00
5.863230142835038627e+00
1.199483507827737583e+01
2.993928254807644151e+01
9.304852983362556174e+00
2.086738901490614495e+01
4.035434769286047185e+01
1.372732503515539548e+01
8.058239062071395509e+00
1.105581278308273596e+01
5.863230142835038627e+00
1.021790793990058255e+01
4.652426491681278087e+00
4.076245338395847284e+01
6.770275002573075795e+00
3.568248232305542444e+00
2.256758334191025117e+00
5.863230142835038627e+00
1.567594437773643001e+01
8.812923024107547576e+00
1.210051848659980855e+01
5.146200786064549249e+01
2.985410660720923204e+00
1.021790793990058255e+01
9.304852983362556174e+00
1.301310337505149661e+01
3.568248232305542444e+00
1.891508160359295942e+01
3.908820095223359381e+00
9.236181543108379799e+00
1.139607097042601680e+01
1.445030398768713376e+01
7.136496464611084889e+00
7.312732791431452384e+00
1.924870664532898701e+01
9.373021315815206478e+00
8.136857890256438353e+00
1.134007028277388685e+01
1.911595536035255805e+01
1.271618740744904485e+01
9.440697438826296306e+00
1.349345229721172146e+01
4.370193722368316713e+00
6.770275002573075795e+00
1.161737456321036532e+01
1.040314189572019821e+01
7.312732791431452384e+00
8.519075891779829490e+00
1.134007028277388685e+01
1.850679436136249834e+01
5.170882945826410726e+00
5.170882945826410726e+00
7.898654169668588132e+00
8.444016491289504600e+00
9.965574970333758387e+00
1.271618740744904485e+01
5.292567428401227403e+00
2.043581587980116154e+01
8.004337192489668951e+01
5.527906391541367981e+00
1.156244577056221523e+01
1.236077446474206631e+01
1.707547527140466670e+01
1.276615297284584649e+01
9.772050238058398008e+00
5.019702241200056392e+01
6.675581178124545545e+01
1.445030398768713376e+01
3.394527637220416239e+01
1.021790793990058255e+01
5.170882945826410726e+00
1.150725478350318376e+01
4.068428945128219176e+00
9.097283682934460103e+00
5.863230142835038627e+00
1.082303275961201905e+01
4.652426491681278087e+00
1.161737456321036532e+01
1.246335526484300615e+01
4.652426491681278087e+00
3.568248232305542444e+00
4.513516668382050234e+00
1.082303275961201905e+01
1.015541250385961369e+01
1.251433034574463399e+01
5.411516379806009525e+00
4.068428945128219176e+00
7.472903480715125113e+01
1.453814859003845150e+01
7.399277020331918919e+00
2.146887782801255184e+01
1.111324596323282954e+01
1.040314189572019821e+01
1.178062436274634450e+01
6.675581178124545545e+00
6.076507779746498805e+00
5.170882945826410726e+00
1.122723095552866468e+01
8.956231982162769611e+00
1.251433034574463399e+01
6.253094147605395392e+01
3.960594802695322869e+01
1.766192765414112031e+01
6.863662517577697741e+00
1.391159267660409604e+01
1.034176589165282145e+01
9.304852983362556174e+00
7.978845608028653835e+00
7.653039857325811823e+00
7.312732791431452384e+00
6.429781335127248099e+01
4.222008245644752300e+00
5.046265044040320724e+00
1.409345127989185542e+01
9.640875829802336483e+00
1.040314189572019821e+01
4.918490759365934828e+00
1.183454054540639433e+01
4.652426491681278087e+00
4.652426491681278087e+00
1.156244577056221523e+01
9.836981518731869656e+00
6.579524642479540830e+00
1.819456736586892021e+01
1.505445578434700415e+01
1.122723095552866468e+01
3.282012575914278329e+01
1.215301555949299761e+01
1.178062436274634450e+01
2.563184747698347365e+01
1.088169461344923583e+01
1.431752655671925822e+01
1.812445316531431061e+01
4.652426491681278087e+00
8.136857890256438353e+00
9.836981518731869656e+00
5.641895835477562571e+00
8.812923024107547576e+00
1.726088217525477830e+01
1.094004191971426110e+01
3.468733731168664747e+01
6.916329206717972511e+01
5.863230142835038627e+00
1.914922945926876707e+01
5.170882945826410726e+00
3.742410318509555189e+00
1.015541250385961369e+01
1.611647812414279102e+01
5.753627391751591880e+00
1.773387063078969206e+01
1.685029431422315938e+01
5.527906391541367981e+00
1.964157789116633879e+01
1.784124116152771222e+01
4.787307364817191768e+00
7.046725639945927711e+00
1.381976597885341818e+01
5.566924691322297747e+01
8.740387444736633427e+00
4.652426491681278087e+00
7.932433315245187089e+01
6.482044814428574497e+00
5.292567428401227403e+00
4.400678751672499089e+01
5.411516379806009525e+00
1.714987856615383066e+01
9.901487006738307173e+00
1.894870844187845549e+01
6.770275002573075795e+00
1.172646028567007725e+01
1.762584604821509515e+01
1.993114994066751677e+01
2.342576026046657844e+01
5.527906391541367981e+00
3.665061690743549860e+01
1.111324596323282954e+01
2.892262748940700945e+01
4.222008245644752300e+00
2.393653682408596239e+01
1.840330728156092377e+01
4.222008245644752300e+00
4.222008245644752122e+01
4.652426491681278087e+00
4.370193722368316713e+00
1.877997214831907158e+01
5.641895835477562571e+00
2.120031979219918483e+01
1.266602473693425601e+01
5.527906391541367981e+00
6.482044814428574497e+00
4.787307364817191768e+00
8.667244841319218907e+00
2.242609239636698959e+01
2.401619274083693512e+01
3.221319960760119017e+01
2.287578310978996754e+01
2.056004690782766886e+01
1.801877032173578996e+01
1.076405121554611632e+01
1.989918336044561542e+01
1.064510777218481152e+01
2.377642441290137043e+01
4.068428945128219176e+00
1.877997214831907158e+01
4.787307364817191768e+00
1.877997214831907158e+01
1.534761596392107741e+01
1.150725478350318376e+01
1.099807968464679142e+01
1.236077446474206631e+01
7.312732791431452384e+00
4.222008245644752300e+00
1.427299292922216978e+01
1.311058116710494836e+01
1.662206308517478703e+01
2.228370306853673455e+01
4.787307364817191768e+00
3.191538243211461623e+00
2.484997342446373736e+01
5.970821321441846408e+00
1.301310337505149661e+01
4.513516668382050234e+00
2.107986245478304355e+01
1.860970596672511235e+01
7.484820637019110379e+00
2.382991474915264263e+01
5.863230142835038627e+00
3.908820095223359381e+00
8.884866446580955923e+00
5.970821321441846408e+00
3.908820095223359381e+00
2.245446191105732936e+01
1.758969042850511855e+01
2.293137440223813073e+01
4.222008245644752300e+00
2.334408972623797851e+01
1.815954410458608237e+01
1.603728119216292924e+01
4.787307364817191768e+00
8.368283871884004910e+00
2.500321212294462470e+01
3.568248232305542444e+00
4.068428945128219176e+00
5.563492907563718859e+01
2.874599910479927445e+01
1.538904010394216471e+01
1.496964127403822076e+01
3.299423905394036893e+01
1.696325844612841038e+01
5.411516379806009525e+00
6.180387232371033157e+00
1.591774699517169012e+01
1.281592373849173683e+01
5.046265044040320724e+00
6.076507779746498805e+00
2.092831582781796484e+01
5.170882945826410726e+00
4.513516668382050234e+00
2.380318460641658618e+01
3.568248232305542444e+00
1.015541250385961369e+01
1.082303275961201905e+01
8.368283871884004910e+00
1.381976597885341818e+01
1.145179781116143225e+01
7.046725639945927711e+00
1.860970596672511235e+01
4.370193722368316713e+00
4.787307364817191768e+00
1.977080019204318972e+01
1.161737456321036532e+01
4.370193722368316713e+00
5.046265044040320724e+00
1.805406667352820094e+01
1.669848676668040710e+01
5.292567428401227403e+00
1.973857392743862249e+01
6.482044814428574497e+00
3.908820095223359381e+00
5.046265044040320724e+00
3.385137501286537898e+00
1.543035303761632804e+01
1.726088217525477830e+01
3.908820095223359381e+00
1.301310337505149661e+01
1.766192765414112031e+01
4.222008245644752300e+00
5.641895835477562571e+00
2.358825303088946868e+01
4.918490759365934828e+00
2.809641467760256361e+01
2.456655336437057358e+01
1.658371917462410394e+01
3.523362819972964388e+01
2.578043914194936548e+01
7.312732791431452384e+00
1.954410047611679602e+01
2.334408972623797851e+01
1.748077488947326685e+01
2.337134494827768449e+01
4.513516668382050234e+00
3.908820095223359381e+00
8.667244841319218907e+00
8.214724333230154940e+00
1.881384047546846006e+01
2.443663942690957214e+01
4.787307364817191768e+00
1.139607097042601680e+01
8.444016491289504600e+00
1.246335526484300615e+01
4.068428945128219176e+00
1.339876023397903637e+01
5.046265044040320724e+00
1.518078909665319287e+01
1.377362305878664728e+01
5.046265044040320724e+00
3.385137501286537898e+00
2.317988541555455484e+01
1.833399137695016279e+01
3.385137501286537898e+00
2.996053869739811049e+01
3.908820095223359381e+00
2.062188177498708086e+01
1.058513485680245481e+01
4.068428945128219176e+00
2.126029252811406423e+01
2.425359086130639596e+01
4.222008245644752300e+00
1.934767237039478616e+01
8.136857890256438353e+00
7.978845608028653835e+00
4.513516668382050234e+00
1.076405121554611632e+01
1.543035303761632804e+01
2.382991474915264263e+01
1.484151074652385738e+01
1.436192209445157708e+01
2.763953195770683990e+00
3.191538243211461623e+00
2.353421343405799249e+01
8.519075891779829490e+00
1.496964127403822076e+01
1.776973289316191185e+01
1.488434347843123184e+01
1.999492978349364236e+01
1.567594437773643001e+01
4.652426491681278087e+00
1.021790793990058255e+01
2.282005639337207370e+01
1.215301555949299761e+01
1.368087033328175828e+01
3.742410318509555189e+00
1.677456227108388731e+01
2.216913314200112950e+01
2.353421343405799249e+01
4.265512055341712028e+01
5.411516379806009525e+00
6.770275002573075795e+00
4.652426491681278087e+00
1.801877032173578996e+01
1.479855404066383784e+01
2.852367558863634400e+01
2.101937491989477280e+01
2.401619274083693512e+01
1.864388360059940553e+01
1.894870844187845549e+01
2.080628379144039641e+01
7.136496464611084889e+00
3.742410318509555189e+00
8.667244841319218907e+00
1.145179781116143225e+01
4.513516668382050234e+00
3.742410318509555189e+00
4.513516668382050234e+00
2.083685880248485134e+01
1.999492978349364236e+01
1.847236308621675960e+01
2.784605686167637728e+01
7.225151993843566878e+00
2.143920417481474061e+01
4.918490759365934828e+00
1.070474469691662733e+01
4.652426491681278087e+00
2.533204947386851202e+01
6.579524642479540830e+00
4.652426491681278087e+00
2.356124872549268900e+01
1.726088217525477830e+01
4.787307364817191768e+00
2.976868695686246369e+01
1.957664687747327292e+01
1.543035303761632804e+01
1.951149978540382790e+01
1.871205159254777683e+01
8.136857890256438353e+00
5.641895835477562571e+00
4.370193722368316713e+00
1.058513485680245481e+01
2.854598585844433956e+01
2.146887782801255184e+01
2.132009656334729542e+01
1.281592373849173683e+01
9.574614729634383536e+00
1.555363345008750464e+01
2.068353178330564290e+01
1.993114994066751677e+01
1.344618962205996482e+01
2.164606551922403810e+01
7.653039857325811823e+00
1.291488987023529766e+01
1.575695754970980111e+01
1.607692842495848140e+01
1.431752655671925822e+01
3.600219238519225939e+01
5.411516379806009525e+00
2.631809856991816332e+01
1.427299292922216978e+01
1.479855404066383784e+01
1.418350619798065715e+01
6.076507779746498805e+00
1.999492978349364236e+01
1.999492978349364236e+01
1.105581278308273596e+01
1.996306533331256716e+01
1.015541250385961369e+01
2.132009656334729542e+01
2.836701239596131430e+01
1.769793569896924623e+01
1.769793569896924623e+01
2.614822432829392795e+01
1.513879513212096128e+01
2.345292057134015451e+01
1.358748446131948917e+01
8.593479713983121826e+00
2.369596250900576351e+01
1.199483507827737583e+01
2.435835848013132932e+01
1.034176589165282145e+01
2.111004122822376061e+01
5.170882945826410726e+00
2.665459933974286599e+01
1.599753570059363028e+01
1.934767237039478616e+01
3.742410318509555189e+00
1.673656774376800982e+01
2.425359086130639596e+01
4.652426491681278087e+00
1.755346033766304004e+01
1.509668435477122017e+01
1.571650316319191809e+01
2.179262146200442274e+01
2.245446191105732936e+01
1.377362305878664728e+01
1.755346033766304004e+01
4.513516668382050234e+00
2.805106127486677892e+01
1.918244584062371416e+01
2.086738901490614495e+01
4.652426491681278087e+00
2.985410660720923204e+00
8.956231982162769611e+00
5.170882945826410726e+00
1.840330728156092377e+01
1.325545386523797831e+01
1.914922945926876707e+01
1.076405121554611632e+01
2.295911957197743547e+01
2.339856842279287719e+01
1.372732503515539548e+01
9.440697438826296306e+00
2.211162556616547192e+01
3.742410318509555189e+00
1.246335526484300615e+01
1.918244584062371416e+01
9.440697438826296306e+00
5.863230142835038627e+00
9.236181543108379799e+00
8.593479713983121826e+00
1.954410047611679602e+01
1.395727947504383337e+01
1.726088217525477830e+01
1.884764794294265400e+01
1.973857392743862249e+01
1.395727947504383337e+01
1.230916348999737586e+01
1.363425735166143049e+01
7.136496464611084889e+00
1.595769121605730767e+01
8.593479713983121826e+00
1.639065416446577927e+01
1.225733520300188317e+01
9.965574970333758387e+00
2.619687222956688544e+01
6.675581178124545545e+00
8.956231982162769611e+00
5.292567428401227403e+00
1.009253008808064145e+01
1.064510777218481152e+01
6.770275002573075795e+00
2.323474912642073065e+01
3.472402408800280682e+01
3.503431062722223288e+01
1.884764794294265400e+01
4.068428945128219176e+00
1.105581278308273596e+01
5.753627391751591880e+00
1.178062436274634450e+01
1.052482020710848865e+01
9.373021315815206478e+00
6.482044814428574497e+00
2.173411767467787925e+01
1.631278838364701755e+01
1.161737456321036532e+01
1.172646028567007725e+01
1.453814859003845150e+01
9.236181543108379799e+00
1.330339418036568588e+01
1.422831991532699902e+01
5.863230142835038627e+00
1.261566261010080048e+01
1.040314189572019821e+01
2.331680264534385927e+01
5.411516379806009525e+00
1.518078909665319287e+01
1.178062436274634450e+01
2.393653682408596239e+01
1.167204486311898926e+01
1.009253008808064145e+01
4.513516668382050234e+00
1.492705330360461602e+01
1.391159267660409604e+01
8.368283871884004910e+00
2.301450956700636752e+01
5.970821321441846408e+00
6.863662517577697741e+00
1.677456227108388731e+01
1.046415791390898242e+01
9.706684619910241452e+00
5.970821321441846408e+00
1.372732503515539548e+01
1.449429283826230197e+01
1.358748446131948917e+01
1.658371917462410394e+01
1.311058116710494836e+01
2.653491036801415248e+01
1.230916348999737586e+01
6.579524642479540830e+00
1.914922945926876707e+01
3.742410318509555189e+00
1.040314189572019821e+01
9.901487006738307173e+00
8.214724333230154940e+00
1.349345229721172146e+01
4.222008245644752300e+00
1.445030398768713376e+01
8.956231982162769611e+00
9.373021315815206478e+00
6.675581178124545545e+00
8.956231982162769611e+00
9.236181543108379799e+00
7.484820637019110379e+00
1.210051848659980855e+01
2.315240480670428269e+01
1.685029431422315938e+01
7.295300745680729904e+01
5.863230142835038627e+00
1.241217083805063837e+01
1.377362305878664728e+01
1.400281721259029588e+01
5.292567428401227403e+00
1.780552292517845459e+01
1.857546544836034741e+01
1.156244577056221523e+01
4.787307364817191768e+00
7.898654169668588132e+00
9.304852983362556174e+00
9.373021315815206478e+00
8.136857890256438353e+00
1.076405121554611632e+01
3.742410318509555189e+00
1.034176589165282145e+01
9.097283682934460103e+00
1.220528683538465842e+01
1.501210842680413826e+01
1.040314189572019821e+01
6.383076486422923246e+00
1.509668435477122017e+01
1.484151074652385738e+01
1.251433034574463399e+01
3.385137501286537898e+00
1.488434347843123184e+01
9.166995688475081394e+00
9.027033336764100468e+00
1.453814859003845150e+01
1.021790793990058255e+01
1.354055000514615159e+01
1.462546558286290477e+01
1.099807968464679142e+01
1.111324596323282954e+01
1.046415791390898242e+01
1.082303275961201905e+01
9.373021315815206478e+00
1.188821220645068522e+01
1.611647812414279102e+01
9.097283682934460103e+00
5.753627391751591880e+00
5.753627391751591880e+00
1.251433034574463399e+01
1.058513485680245481e+01
4.787307364817191768e+00
8.291859587312051971e+00
1.819456736586892021e+01
1.700074635581867355e+01
1.488434347843123184e+01
8.519075891779829490e+00
1.015541250385961369e+01
7.569397566060480642e+00
8.058239062071395509e+00
6.383076486422923246e+00
1.015541250385961369e+01
1.951149978540382790e+01
1.311058116710494836e+01
1.805406667352820094e+01
9.772050238058398008e+00
1.726088217525477830e+01
1.700074635581867355e+01
1.291488987023529766e+01
9.640875829802336483e+00
5.753627391751591880e+00
1.046415791390898242e+01
1.714987856615383066e+01
1.492705330360461602e+01
8.593479713983121826e+00
8.519075891779829490e+00
1.111324596323282954e+01
7.399277020331918919e+00
4.787307364817191768e+00
9.901487006738307173e+00
1.543035303761632804e+01
1.034176589165282145e+01
1.509668435477122017e+01
1.156244577056221523e+01
2.660678836073137177e+01
5.411516379806009525e+00
1.453814859003845150e+01
1.635176762293251684e+01
6.383076486422923246e+00
1.167204486311898926e+01
4.918490759365934828e+00
1.183454054540639433e+01
6.770275002573075795e+00
1.867799869518773193e+01
1.418350619798065715e+01
9.373021315815206478e+00
8.956231982162769611e+00
1.513879513212096128e+01
1.040314189572019821e+01
3.908820095223359381e+00
6.076507779746498805e+00
8.740387444736633427e+00
3.385137501286537898e+00
8.956231982162769611e+00
9.772050238058398008e+00
1.762584604821509515e+01
2.763953195770683990e+00
6.383076486422923246e+00
1.076405121554611632e+01
7.898654169668588132e+00
1.453814859003845150e+01
5.170882945826410726e+00
1.276615297284584649e+01
9.236181543108379799e+00
1.058513485680245481e+01
1.466892917224166482e+01
1.134007028277388685e+01
1.204779266504070279e+01
1.673656774376800982e+01
7.399277020331918919e+00
1.377362305878664728e+01
1.261566261010080048e+01
1.246335526484300615e+01
1.241217083805063837e+01
6.383076486422923246e+00
1.122723095552866468e+01
1.599753570059363028e+01
1.002925341359354938e+01
1.711271735549580697e+01
9.640875829802336483e+00
1.349345229721172146e+01
9.373021315815206478e+00
5.411516379806009525e+00
1.404820733880128181e+01
5.970821321441846408e+00
1.028002345391383443e+01
1.673656774376800982e+01
8.593479713983121826e+00
3.568248232305542444e+00
1.296408962885714899e+01
1.094004191971426110e+01
1.145179781116143225e+01
2.985410660720923204e+00
1.276615297284584649e+01
1.251433034574463399e+01
6.579524642479540830e+00
1.052482020710848865e+01
6.180387232371033157e+00
1.251433034574463399e+01
3.908820095223359381e+00
4.652426491681278087e+00
9.373021315815206478e+00
1.183454054540639433e+01
7.735777827895049086e+00
1.354055000514615159e+01
4.918490759365934828e+00
1.188821220645068522e+01
1.134007028277388685e+01
1.161737456321036532e+01
1.076405121554611632e+01
1.111324596323282954e+01
7.399277020331918919e+00
4.370193722368316713e+00
1.363425735166143049e+01
5.046265044040320724e+00
1.335116235624909109e+01
9.640875829802336483e+00
2.575573339679963070e+01
1.358748446131948917e+01
1.076405121554611632e+01
1.139607097042601680e+01
1.335116235624909109e+01
8.812923024107547576e+00
1.183454054540639433e+01
1.335116235624909109e+01
1.015541250385961369e+01
1.064510777218481152e+01
9.772050238058398008e+00
1.070474469691662733e+01
1.246335526484300615e+01
1.172646028567007725e+01
5.641895835477562571e+00
1.391159267660409604e+01
1.386575534383213970e+01
1.161737456321036532e+01
1.183454054540639433e+01
6.482044814428574497e+00
7.136496464611084889e+00
6.076507779746498805e+00
5.411516379806009525e+00
8.214724333230154940e+00
1.607692842495848140e+01
6.863662517577697741e+00
9.507891862878782518e+00
1.070474469691662733e+01
8.593479713983121826e+00
5.411516379806009525e+00
1.015541250385961369e+01
1.330339418036568588e+01
1.150725478350318376e+01
1.194164264288369282e+01
1.150725478350318376e+01
1.335116235624909109e+01
8.884866446580955923e+00
1.015541250385961369e+01
1.199483507827737583e+01
9.965574970333758387e+00
1.105581278308273596e+01
1.088169461344923583e+01
1.167204486311898926e+01
1.015541250385961369e+01
8.667244841319218907e+00
1.156244577056221523e+01
1.291488987023529766e+01
1.395727947504383337e+01
1.088169461344923583e+01
1.099807968464679142e+01
1.241217083805063837e+01
9.706684619910241452e+00
2.095871281671732689e+01
1.161737456321036532e+01
2.870167217155910322e+01
1.642944866646030988e+01
1.111324596323282954e+01
1.251433034574463399e+01
1.320733953636073110e+01
8.956231982162769611e+00
9.507891862878782518e+00
1.215301555949299761e+01
1.199483507827737583e+01
3.191538243211461623e+00
1.339876023397903637e+01
1.400281721259029588e+01
1.105581278308273596e+01
1.413855043925722121e+01
1.199483507827737583e+01
1.898227571077954323e+01
4.068428945128219176e+00
1.161737456321036532e+01
1.210051848659980855e+01
6.675581178124545545e+00
1.099807968464679142e+01
1.009253008808064145e+01
1.492705330360461602e+01
8.214724333230154940e+00
3.908820095223359381e+00
6.770275002573075795e+00
6.675581178124545545e+00
9.440697438826296306e+00
4.222008245644752300e+00
1.509668435477122017e+01
9.640875829802336483e+00
1.509668435477122017e+01
7.735777827895049086e+00
4.222008245644752300e+00
4.068428945128219176e+00
5.863230142835038627e+00
2.225511588156705756e+01
3.191538243211461623e+00
9.166995688475081394e+00
8.058239062071395509e+00
1.449429283826230197e+01
4.787307364817191768e+00
1.002925341359354938e+01
9.507891862878782518e+00
1.291488987023529766e+01
1.122723095552866468e+01
1.172646028567007725e+01
4.370193722368316713e+00
1.513879513212096128e+01
6.076507779746498805e+00
2.086738901490614495e+01
4.513516668382050234e+00
4.918490759365934828e+00
1.150725478350318376e+01
1.271618740744904485e+01
1.076405121554611632e+01
6.282549314314217703e+00
1.400281721259029588e+01
1.150725478350318376e+01
9.574614729634383536e+00
1.518078909665319287e+01
1.559451034962034477e+01
1.052482020710848865e+01
1.650676414605009157e+01
1.139607097042601680e+01
6.955796338302048021e+00
8.956231982162769611e+00
8.667244841319218907e+00
1.784124116152771222e+01
8.956231982162769611e+00
1.509668435477122017e+01
6.180387232371033157e+00
1.296408962885714899e+01
9.440697438826296306e+00
9.027033336764100468e+00
1.349345229721172146e+01
1.082303275961201905e+01
7.225151993843566878e+00
3.191538243211461623e+00
5.170882945826410726e+00
2.234076770248022825e+01
1.363425735166143049e+01
1.099807968464679142e+01
1.046415791390898242e+01
1.128379167095512514e+01
1.028002345391383443e+01
3.742410318509555189e+00
4.787307364817191768e+00
3.899035799289081439e+01
1.722396045987370883e+01
8.291859587312051971e+00
8.519075891779829490e+00
1.009253008808064145e+01
8.812923024107547576e+00
5.046265044040320724e+00
1.306193320280393344e+01
1.436192209445157708e+01
3.199507140118726056e+01
4.011701365437419753e+01
3.908820095223359381e+00
2.164606551922403810e+01
1.172646028567007725e+01
1.505445578434700415e+01
1.418350619798065715e+01
8.519075891779829490e+00
1.854116169711310036e+01
2.140948939383325467e+01
1.199483507827737583e+01
1.296408962885714899e+01
4.068428945128219176e+00
1.296408962885714899e+01
1.696325844612841038e+01
1.040314189572019821e+01
5.170882945826410726e+00
9.373021315815206478e+00
4.222008245644752300e+00
3.568248232305542444e+00
1.603728119216292924e+01
1.654528640181426269e+01
1.286550196516137312e+01
1.009253008808064145e+01
8.812923024107547576e+00
3.027759026424192257e+01
3.742410318509555189e+00
8.812923024107547576e+00
7.735777827895049086e+00
2.497773762613879711e+01
2.422732816723523896e+01
2.358825303088946868e+01
8.740387444736633427e+00
4.068428945128219176e+00
1.479855404066383784e+01
1.015541250385961369e+01
3.568248232305542444e+00
2.523132522020160362e+00
1.028002345391383443e+01
5.527906391541367981e+00
3.720230349221835553e+01
1.526443044094783019e+01
6.076507779746498805e+00
4.068428945128219176e+00
2.791455895008766674e+01
6.383076486422923246e+00
1.099807968464679142e+01
6.863662517577697741e+00
3.568248232305542444e+00
6.863662517577697741e+00
1.836868202552426155e+01
1.286550196516137312e+01
1.850679436136249834e+01
9.236181543108379799e+00
5.411516379806009525e+00
9.574614729634383536e+00
8.136857890256438353e+00
3.568248232305542444e+00
1.199483507827737583e+01
5.292567428401227403e+00
5.753627391751591880e+00
2.883444854184073591e+01
1.840330728156092377e+01
1.028002345391383443e+01
2.585441472913205274e+01
1.046415791390898242e+01
1.931474013823128644e+01
9.166995688475081394e+00
1.266602473693425601e+01
4.787307364817191768e+00
4.513516668382050234e+00
2.763953195770683990e+00
1.571650316319191809e+01
2.863505311343851645e+01
6.383076486422923246e+00
6.482044814428574497e+00
8.368283871884004910e+00
9.706684619910241452e+00
1.395727947504383337e+01
3.742410318509555189e+00
5.170882945826410726e+00
8.368283871884004910e+00
1.583755632390385770e+01
2.985410660720923204e+00
1.261566261010080048e+01
3.908820095223359381e+00
1.422831991532699902e+01
5.527906391541367981e+00
4.170425899243664247e+01
1.479855404066383784e+01
6.675581178124545545e+00
6.282549314314217703e+00
3.191538243211461623e+00
5.292567428401227403e+00
2.306976657227588845e+01
5.292567428401227403e+00
9.551314746163190250e+01
1.015541250385961369e+01
1.619528777809902209e+01
4.918490759365934828e+00
6.579524642479540830e+00
1.458187244392064308e+01
1.161737456321036532e+01
3.385137501286537898e+00
4.652426491681278087e+00
3.908820095223359381e+00
3.568248232305542444e+00
3.908820095223359381e+00
5.292567428401227403e+00
3.191538243211461623e+00
4.513516668382050234e+00
3.385137501286537898e+00
1.064929322770112066e+02
